Accuracy: 0.0841
F1 Micro: 0.2235
F1 Macro: 0.1302

              precision    recall  f1-score   support

         C01       0.33      0.00      0.01       249
         C04       0.67      0.27      0.39      4232
         C05       0.59      0.05      0.09       757
         C06       0.68      0.05      0.10      1929
         C08       0.12      0.00      0.00       478
         C10       0.75      0.23      0.36      3392
         C11       0.65      0.12      0.20       302
         C12       0.56      0.02      0.04       924
         C13       0.54      0.03      0.05      1023
         C14       0.82      0.05      0.10      1161
         C15       0.58      0.03      0.06       467
         C16       0.63      0.22      0.32      1436
         C17       0.62      0.04      0.07      1155
         C18       0.60      0.07      0.13       835
         C19       0.38      0.02      0.04       668
         C20       0.52      0.02      0.04       758
         C23       0.77      0.17      0.27      3013
         C25       0.68      0.08      0.14      1199
         F01       0.29      0.01      0.01       351
         F03       0.72      0.12      0.20      1823

   micro avg       0.69      0.13      0.22     26152
   macro avg       0.57      0.08      0.13     26152
weighted avg       0.65      0.13      0.21     26152
 samples avg       0.18      0.13      0.14     26152
